"stride=64
0.00049 4440.858
0.00098 4443.889
0.00195 4431.989
0.00293 4425.790
0.00391 4444.177
0.00586 4448.615
0.00781 4563.788
0.00977 4572.056
0.01172 4534.737
0.01367 4506.853
0.01562 4492.708
0.01758 4525.879
0.01953 4546.959
0.02148 4516.999
0.02344 4552.653
0.02539 4532.718
0.02734 4530.434
0.02930 4547.559
0.03125 4550.159
0.03516 4523.746
0.03906 4549.302
0.04297 4521.595
0.04688 4550.533
0.05078 4530.243
0.05469 4521.947
0.05859 4522.386
0.06250 4551.218
0.07031 4557.129
0.07812 4553.698
0.08594 4533.507
0.09375 4574.072
0.10156 4527.403
0.10938 4530.303
0.11719 4526.095
0.12500 4537.256
0.14062 4596.209
0.15625 4552.720
0.17188 4541.992
0.18750 4550.214
0.20312 4554.457
0.21875 4548.660
0.23438 4544.498
0.25000 4577.276
0.28125 4546.876
0.31250 4569.106
0.34375 4565.888
0.37500 4489.341
0.40625 4568.141
0.43750 4519.413
0.46875 4586.126
0.50000 4530.867
0.56250 4566.102
0.62500 4597.820
0.68750 4656.624
0.75000 4575.578
0.81250 4590.228
0.87500 4638.047
0.93750 4614.922
1.00000 4659.817
1.12500 4671.869
1.25000 4704.084
1.37500 4693.128
1.50000 4729.837
1.62500 4744.916
1.75000 4679.142
1.87500 4675.724
2.00000 4731.934
2.25000 4743.257
2.50000 4745.951
2.75000 4715.335
3.00000 4771.146
3.25000 4755.769
3.50000 4723.471
3.75000 4790.667
4.00000 4735.762
4.50000 4780.637
5.00000 4789.650
5.50000 4795.920
6.00000 4676.050
6.50000 4781.779
7.00000 4763.971
7.50000 4785.102
8.00000 4665.629
9.00000 4713.112
10.00000 4779.979
11.00000 4735.546
12.00000 4738.589
13.00000 4828.244
14.00000 4826.805
15.00000 4817.103
16.00000 4859.592
18.00000 4918.390
20.00000 4796.219
22.00000 4866.840
24.00000 4875.451
26.00000 4964.831
28.00000 4918.446
30.00000 4920.092
32.00000 4939.744
36.00000 4998.071
40.00000 4976.051
44.00000 4987.955
48.00000 4980.045
52.00000 5047.854
56.00000 5060.460
60.00000 4996.011
64.00000 5082.557
72.00000 5031.294
80.00000 5062.016
88.00000 5082.833
96.00000 5058.460
104.00000 5050.569
112.00000 5050.542
120.00000 5036.568
128.00000 5009.636
