"stride=64
0.00049 3880.099
0.00098 3850.937
0.00195 3812.414
0.00293 3816.505
0.00391 3831.690
0.00586 3809.867
0.00781 3997.977
0.00977 3961.080
0.01172 3948.675
0.01367 3941.966
0.01562 3967.314
0.01758 3915.214
0.01953 3920.662
0.02148 3944.414
0.02344 3937.980
0.02539 3925.585
0.02734 3911.098
0.02930 3938.489
0.03125 3949.359
0.03516 3949.021
0.03906 3940.404
0.04297 3907.563
0.04688 3924.560
0.05078 3932.792
0.05469 3927.114
0.05859 3930.498
0.06250 3925.270
0.07031 3922.500
0.07812 3944.494
0.08594 3935.692
0.09375 3943.227
0.10156 3930.114
0.10938 3931.193
0.11719 3939.480
0.12500 3986.726
0.14062 3935.157
0.15625 3932.020
0.17188 3942.709
0.18750 4020.261
0.20312 3908.714
0.21875 3939.343
0.23438 3948.240
0.25000 3934.413
0.28125 3944.317
0.31250 3964.635
0.34375 3944.335
0.37500 3955.657
0.40625 4002.744
0.43750 3925.687
0.46875 3922.028
0.50000 3936.220
0.56250 4015.515
0.62500 3981.464
0.68750 3926.495
0.75000 3950.716
0.81250 3906.167
0.87500 3935.968
0.93750 3910.107
1.00000 3937.218
1.12500 3926.483
1.25000 3926.360
1.37500 3935.962
1.50000 3977.177
1.62500 3930.438
1.75000 3928.246
1.87500 3935.483
2.00000 3930.229
2.25000 3898.459
2.50000 3907.599
2.75000 3915.876
3.00000 3908.618
3.25000 3910.582
3.50000 3923.836
3.75000 3905.502
4.00000 3914.360
4.50000 3928.022
5.00000 3910.570
5.50000 3940.843
6.00000 3927.730
6.50000 3922.701
7.00000 3944.560
7.50000 3945.148
8.00000 3940.061
9.00000 3908.915
10.00000 3942.309
11.00000 3954.706
12.00000 3962.717
13.00000 4025.502
14.00000 3937.633
15.00000 3929.874
16.00000 3955.542
18.00000 3997.153
20.00000 3980.909
22.00000 3942.205
24.00000 4005.660
26.00000 4003.155
28.00000 4031.798
30.00000 4014.516
32.00000 4026.946
36.00000 4004.409
40.00000 4025.850
44.00000 4061.681
48.00000 4105.995
52.00000 4065.266
56.00000 4066.803
60.00000 4077.514
64.00000 4138.188
72.00000 4067.699
80.00000 4081.586
88.00000 4088.746
96.00000 4052.300
104.00000 4060.704
112.00000 4135.704
120.00000 4090.074
128.00000 4062.530
